01001001000000000000000000000000000000000000000000
00001001000001100010000000100000000000000000000000
00001101010000000001000000110100100000000000000000
00001101010000000001000000110100100000000000000000
01101010000000000000000000000000000000000000000000
00001001000001100010000000100000001000000000000000
00001101010000000001000000110100100000100000000000
00001101010000000001000000110100100000100000000000
00010010010000000011000001000000011000000000000000
00001001000001100010000000100000010000000000000000
00000000000000000000000000000000000000000000000000
00000000000000000000000000000000000000000000000000
00001001000000010000010000110000000000000000000000
00001001000001100000100000100000000000000000000000
00001001000001000001000000001000100000100000000000
00001110010000000001000000000000000000100000000000
00101000000000000000000000000000000011000000000000
00101000100000000000000000000000000010000000000000
00001101010000011000000000000000100000000000000000
00001101010000011000000000000000100000000000000000
00001001000001011000010010110000000000000000000000
00001001000001011000010010001100000000100000000000
00001001000000010000010000001000000000100000000000
00001000001000000010000000000000011001000000000000
00001000101000000010000000000000011000000000000000
00101100101000000000000000000000000101000000000000
00010101100000000000000000000000000000000000000001
00001001000001100100000000000000000001000000000000
00101110001001001000000010000000000101000000000000
00101110101000000000000000000000000100000000000000
00001001000000010100001000000000000001000000000000
00001001000001100100000000000000000000000000000000
10000000000010000000000000000000000000000000000000
00110000101000000000000000000000000101000000000000
00001001000001000000000101000000011000000010010000
00010000000100000100000000000000000001000000000000
00110010001000000000000000000000000101000000000000
00011000010001000010000101000000011000010000000000
00010011100000010100001000000000000001000000000000
00010100010001000010000101000000011000001000000000
00110100001000000000000000000000000101000000000000
00010000100000000000000000000000000000000000000000
00011101100000000100000000000000000001000100000000
00011000110000000001000000000001100000000000000000
00011100000000000000000000000000000000000000000000
00110110101000000000000000000000000101000000000000
00011010010011000010000101000000011000010000000000
00001001000000010100001000000000000001000000000000
00111000000000000000000000000000000011000000000000
00111000101000000000000000000000000101000000000000
00010111001000001000001000000000000001000000000010
00010110000000000000000000000000000000000000000000
00111010000000000000000000000000000011000000000000
00010010100001000000000101000000011000000001110000
00010110110000000001000000000001000000000000000000
00010010101000000000000000000000000001000100001100
00011100100000000000000000000000000000000000000000
00011101000000000000000000000000000000000000000000
00111101001000000000000000000000000011000000000000
00001001000001000010000101000000011000001000000000
00000000010000000001000000000010000000000000000000
00000000000000000000000000000000000000000000000000
00000000000000000000000000000000000000000000000000
00000000000000000000000000000000000000000000000000
