010010010000000000000000000000000000000000000000
000010010000011000100000001000000000000000000000
000011101100000000010000001101010000000000000000
000011000100000000010000001101010000000000000000
011010100000000000000000000000000000000000000000
000010010000011000100000001000000100000000000000
000011001100000000010000001101010000010000000000
000010111100000000010000001101010000010000000000
000100100100000000110000010000001100000000000000
000010010000011000100000001000001000000000000000
000000000000000000000000000000000000000000000000
000000000000000000000000000000000000000000000000
000010010000000100000010001100000000000000000000
000010010000011000001000001000000000000000000000
000010010000010000010000000010010000010000000000
000011100100000000010000000000000000010000000000
001010000000000000000000000000000001100000000000
001010001000000000000000000000000001000000000000
000101001100000110000000000000010000000000000000
000100001100000110000000000000010000000000000000
000010010000010110000010101100000000000000000000
000010010000010110000100100011000000010000000000
000010010000000100000100000010000000010000000000
000010000010000000100000000000001100100000000000
000010001010000000100000000000001100000000000000
001011001010000000000000000000000010100000000000
000000000000000000000000000000000000000000000000
000010010000011001000000000000000000100000000000
001011100010010010000000100000000010100000000000
001011101010000000000000000000000010000000000000
000010010000000101000010000000000000100000000000
000010010000011001000000000000000000000000000000
100000000000100000000000000000000000000000000000
001100001010000000000000000000000010100000000000
000010010000010000000001010000001100000001001000
000100000001000001000000000000000000100000000000
001100100010000000000000000000000010100000000000
000110000100010000100001010000001100001000000000
000100111000000101000010000000000000100000000000
000101000100010000100001010000001100000100000000
001101000010000000000000000000000010100000000000
000100001000000000000000000000000000000000000000
000111011000000001000000000000000000100010000000
000000000000000000000000000000000000000000000000
000101111000000101000010000000000000100000000000
001101101010000000000000000000000010100000000000
000110100100110000100001010000001100001000000000
000010010000000101000010000000000000100000000000
001110000000000000000000000000000001100000000000
000000000000000000000000000000000000000000000000
000101110010000010000010000000000000100000000001
000000000000000000000000000000000000000000000000
001110100000000000000000000000000001100000000000
000100101000010000000001010000001100000000111000
000101101100000000010000000000100000000000000000
000100101010000000000000000000000000100010000110
000000000000000000000000000000000000000000000000
000000000000000000000000000000000000000000000000
000000000000000000000000000000000000000000000000
000010010000010000100001010000001100000100000000
000000000000000000000000000000000000000000000000
000000000000000000000000000000000000000000000000
000000000000000000000000000000000000000000000000
000000000000000000000000000000000000000000000000
